    0           3.21554500          -291.141876                    0 
    1           2.30474500          -291.120338            0.0215384 
    2           2.18585800          -291.127760            0.0141161 
    3           2.23442300          -291.131826            0.0100507 
    4           2.65048600          -291.138711            0.0031656 
    5           2.49586100          -291.136647             0.005229 
    6           2.52726700          -291.137106           0.00477033 
    7           1.82529400          -291.120095            0.0217812 
    8           2.02594200          -291.126907            0.0149697 
    9           1.50279900          -291.106165            0.0357116 
   10           1.20023800          -291.081171            0.0607058 
   11           1.07086300          -291.051101            0.0907751 
   12           1.20362200          -291.029562             0.112314 
   13           0.89700500          -291.006703             0.135173 
   14           0.76808300          -290.987642             0.154234 
   15           0.77837400          -290.986563             0.155313 
   16           0.76993400          -290.987054             0.154822 
   17           0.65752900          -290.998006             0.143871 
   18           0.70579200          -290.999753             0.142124 
   19           0.75012800          -291.012472             0.129404 
   20           0.77924000          -291.014804             0.127072 
   21           0.58862000          -291.027582             0.114294 
   22           0.63806400          -291.034856              0.10702 
   23           0.62335500          -291.044376            0.0974999 
   24           0.62207600          -291.044767            0.0971094 
   25           0.49463100          -291.056500            0.0853765 
   26           0.63052100          -291.068763            0.0731134 
   27           0.49406800          -291.074771            0.0671054 
   28           0.31792200          -291.082693             0.059183 
   29           0.23077800          -291.085776            0.0560999 
   30           0.63020400          -291.085973            0.0559033 
   31           0.39791900          -291.089197            0.0526795 
   32           0.42037700          -291.088818            0.0530579 
   33           0.37878700          -291.092813            0.0490634 
   34           0.34911900          -291.095814            0.0460621 
   35           0.30733300          -291.099460             0.042416 
   36           0.43409600          -291.099260            0.0426165 
   37           0.37067700          -291.100681            0.0411953 
   38           0.40745800          -291.100077            0.0417998 
   39           0.37868400          -291.099891            0.0419857 
   40           0.39093300          -291.099057            0.0428198 
   41           0.31471400          -291.098664            0.0432126 
   42           0.29527700          -291.095702            0.0461747 
   43           0.30614500          -291.092695            0.0491815 
   44           0.35346200          -291.083757            0.0581198 
   45           0.22120700          -291.079465            0.0624117 
   46           0.24829700          -291.071556            0.0703206 
   47           0.26634700          -291.068416              0.07346 
   48           0.37522100          -291.061400            0.0804768 
   49           0.40182600          -291.061768            0.0801078 
   50           0.42984300          -291.061531            0.0803458 
   51           0.48353100          -291.064795            0.0770817 
   52           0.53021600          -291.066368            0.0755086 
   53           0.56421500          -291.071864            0.0700124 
   54           0.63592300          -291.079443            0.0624331 
   55           0.65290800          -291.083356            0.0585203 
   56           0.70666200          -291.093177            0.0486997 
   57           0.79662300          -291.104832            0.0370446 
   58           0.75067400          -291.099820            0.0420566 
   59           0.75345000          -291.105856            0.0360204 
   60           0.73233000          -291.115211             0.026665 
   61           0.70287200          -291.116469            0.0254071 
   62           0.62809600          -291.111770             0.030106 
   63           0.58673800          -291.106263            0.0356138 
   64           0.48515900          -291.071727            0.0701489 
   65           0.48968900          -291.065743             0.076133 
   66           0.64148000          -291.042019            0.0998575 
   67           0.62394000          -291.036754             0.105123 
   68           0.58369100          -291.018325             0.123552 
   69           0.61321500          -290.970545             0.171331 
   70           0.55580000          -290.989849             0.152027 
   71           0.54901200          -290.989436              0.15244 
   72           0.66213200          -290.985980             0.155896 
   73           1.16998800          -290.968659             0.173218 
   74           0.83728300          -290.980814             0.161062 
   75           0.73166900          -290.981886              0.15999 
   76           0.50341800          -290.982819             0.159058 
   77           0.50800900          -290.982275             0.159601 
   78           0.48145000          -290.984228             0.157649 
   79           0.67290700          -290.987432             0.154445 
   80           1.41107900          -290.983357              0.15852 
   81           0.87997100          -290.987578             0.154298 
   82           0.79679500          -290.989833             0.152043 
   83           0.53495200          -290.995277               0.1466 
   84           0.37334200          -290.999452             0.142425 
   85           0.29056300          -290.999102             0.142774 
   86           0.29034800          -291.000508             0.141368 
   87           0.29143200          -291.004354             0.137522 
   88           0.31374100          -291.010445             0.131432 
   89           0.31682500          -291.011077             0.130799 
   90           0.32345600          -291.012876                0.129 
   91           0.33623600          -291.016028             0.125848 
   92           0.36044500          -291.020138             0.121738 
   93           0.34899400          -291.021396              0.12048 
   94           0.31653600          -291.024834             0.117043 
   95           0.30317300          -291.027329             0.114547 
   96           0.27551400          -291.033922             0.107954 
   97           0.28056800          -291.035914             0.105962 
   98           0.26556800          -291.039826              0.10205 
   99           0.24364700          -291.047398            0.0944784 
  100           0.22467100          -291.050028            0.0918482 
  101           0.20472500          -291.057303             0.084573 
  102           0.24176300          -291.069210             0.072666 
  103           0.21406500          -291.062833            0.0790432 
  104           0.20383800          -291.065740            0.0761364 
  105           0.17687900          -291.073721            0.0681554 
  106           0.16487800          -291.075683            0.0661928 
  107           0.13532900          -291.081110            0.0607663 
  108           0.08239600          -291.090007             0.051869 
  109           0.09671300          -291.088085            0.0537914 
  110           0.07964000          -291.089973            0.0519033 
  111           0.08917000          -291.094607            0.0472698 
  112           0.18520300          -291.099699            0.0421776 
  113           0.11712400          -291.097120             0.044756 
  114           0.12080200          -291.098560            0.0433159 
  115           0.13637800          -291.100297            0.0415789 
  116           0.11403300          -291.101174            0.0407024 
  117           0.08771000          -291.102082            0.0397946 
  118           0.06756000          -291.102830            0.0390459 
  119           0.06011800          -291.103203            0.0386731 
  120           0.06238900          -291.103644             0.038232 
  121           0.07171300          -291.104010             0.037866 
  122           0.07543500          -291.104260            0.0376164 
  123           0.07830600          -291.104346            0.0375306 
  124           0.08185700          -291.104492            0.0373845 
  125           0.09970800          -291.104610            0.0372668 
  126           0.10033400          -291.104691            0.0371858 
  127           0.09924400          -291.104753            0.0371229 
  128           0.09833800          -291.104811            0.0370652 
  129           0.08996100          -291.104808            0.0370684 
  130           0.08617000          -291.104778            0.0370985 
  131           0.08149600          -291.104792            0.0370845 
  132           0.08631100          -291.104575            0.0373016 
  133           0.10956700          -291.102864            0.0390126 
  134           0.09535200          -291.104163            0.0377137 
  135           0.08789600          -291.103910            0.0379662 
  136           0.07523600          -291.103438            0.0384387 
  137           0.06313300          -291.103237            0.0386398 
  138           0.05901300          -291.102482            0.0393947 
  139           0.08619200          -291.100177            0.0416996 
  140           0.09142300          -291.099674            0.0422018 
  141           0.10170300          -291.098478            0.0433983 
  142           0.09575200          -291.098243            0.0436331 
  143           0.09835000          -291.097289            0.0445874 
  144           0.12379400          -291.094215             0.047661 
  145           0.10294900          -291.096425            0.0454511 
  146           0.10204400          -291.095745            0.0461309 
  147           0.10169000          -291.095410             0.046466 
  148           0.08891700          -291.094841             0.047035 
  149           0.09474700          -291.093143            0.0487329 
  150           0.09263900          -291.092770            0.0491063 
  151           0.10733100          -291.092302             0.049574 
  152           0.09965600          -291.092198            0.0496778 
  153           0.11089900          -291.091740            0.0501365 
  154           0.11317300          -291.091598            0.0502782 
  155           0.10539600          -291.091892            0.0499839 
  156           0.09938000          -291.092445            0.0494313 
  157           0.09667100          -291.092872            0.0490046 
  158           0.12334100          -291.093543             0.048333 
  159           0.12946600          -291.093916            0.0479599 
  160           0.14779600          -291.094609            0.0472669 
  161           0.11233300          -291.095099            0.0467769 
  162           0.23515300          -291.095602            0.0462738 
  163           0.33401700          -291.095313            0.0465628 
  164           0.26210500          -291.095895            0.0459817 
  165           0.15739600          -291.096869            0.0450071 
  166           0.17180300          -291.096970            0.0449062 
  167           0.13882400          -291.097561            0.0443156 
  168           0.12752000          -291.098930            0.0429465 
  169           0.14549300          -291.099257            0.0426194 
  170           0.06145500          -291.099762            0.0421143 
  171           0.10054700          -291.099968            0.0419079 
  172           0.09326300          -291.100222            0.0416542 
  173           0.07322600          -291.100894            0.0409824 
  174           0.03943600          -291.101227            0.0406488 
  175           0.04468800          -291.101279            0.0405969 
  176           0.05184500          -291.101519            0.0403576 
  177           0.11000000          -291.101921            0.0399557 
  178           0.07871200          -291.102270            0.0396058 
  179           0.09029700          -291.102291            0.0395851 
  180           0.08142600          -291.102627            0.0392497 
  181           0.09071800          -291.102853            0.0390229 
  182           0.07249600          -291.103007            0.0388694 
  183           0.08492400          -291.103008            0.0388684 
  184           0.06769900          -291.103024            0.0388523 
  185           0.04917200          -291.102871            0.0390056 
  186           0.06385600          -291.102683             0.039193 
  187           0.05137700          -291.102729            0.0391476 
  188           0.04567400          -291.102638            0.0392388 
  189           0.05380000          -291.102089             0.039787 
  190           0.08538500          -291.101621            0.0402554 
  191           0.13333200          -291.101361            0.0405149 
  192           0.09121300          -291.101097             0.040779 
  193           0.03537700          -291.100414             0.041462 
  194           0.03784500          -291.100348            0.0415285 
  195           0.05488100          -291.100076            0.0418007 
  196           0.04280000          -291.100034            0.0418424 
  197           0.02975200          -291.099901             0.041975 
  198           0.03046000          -291.099845            0.0420316 
  199           0.04642300          -291.099677            0.0421994 
  200           0.09347900          -291.099272            0.0426045 
  201           0.06741700          -291.099497            0.0423795 
  202           0.03196200          -291.099421            0.0424555 
  203           0.05991000          -291.099326            0.0425502 
  204           0.03880300          -291.099356            0.0425204 
  205           0.04852100          -291.099310            0.0425667 
  206           0.04935000          -291.099372            0.0425047 
  207           0.05158600          -291.099452            0.0424242 
  208           0.04322500          -291.099631            0.0422452 
  209           0.06369200          -291.099908            0.0419682 
  210           0.05332000          -291.100079            0.0417977 
  211           0.05615100          -291.100420            0.0414559 
  212           0.05220100          -291.100596            0.0412805 
  213           0.09312600          -291.101018            0.0408586 
  214           0.05851800          -291.101193            0.0406837 
  215           0.03789400          -291.101424            0.0404528 
  216           0.03827200          -291.101541            0.0403351 
  217           0.04421900          -291.101820            0.0400563 
  218           0.07085000          -291.102269            0.0396075 
  219           0.07034800          -291.102376            0.0394999 
  220           0.07163000          -291.102638            0.0392385 
  221           0.07252200          -291.103119            0.0387575 
  222           0.07217900          -291.102822            0.0390539 
  223           0.06553700          -291.102910             0.038966 
  224           0.04783100          -291.103130            0.0387465 
  225           0.05067400          -291.103438            0.0384382 
  226           0.06159600          -291.103482            0.0383947 
  227           0.05698900          -291.103550            0.0383268 
  228           0.05434800          -291.103671            0.0382049 
  229           0.04721100          -291.103701            0.0381749 
  230           0.03762700          -291.103748            0.0381288 
  231           0.06313300          -291.103668            0.0382081 
  232           0.04373000          -291.103768            0.0381086 
  233           0.04214400          -291.103742            0.0381341 
  234           0.04125900          -291.103726            0.0381502 
  235           0.03808100          -291.103709             0.038167 
  236           0.02581700          -291.103608            0.0382687 
  237           0.02506400          -291.103555             0.038321 
  238           0.02035600          -291.103449            0.0384274 
  239           0.02366600          -291.103299            0.0385771 
  240           0.02490200          -291.103213            0.0386629 
  241           0.02954500          -291.102957            0.0389197 
  242           0.03979700          -291.102361            0.0395149 
  243           0.03510200          -291.102551            0.0393249 
  244           0.02907300          -291.102348            0.0395279 
