    0          21.06046800          -287.419575                    0 
    1           6.74457600          -288.417767            -0.998191 
    2           5.68531800          -289.041957             -1.62238 
    3           4.80994100          -289.408513             -1.98894 
    4           2.15934600          -289.879177              -2.4596 
    5           3.16152400          -289.801276              -2.3817 
    6           2.94309100          -289.828308             -2.40873 
    7           5.85166200          -289.874414             -2.45484 
    8           3.04362700          -289.936724             -2.51715 
    9           1.97073700          -290.099439             -2.67986 
   10           1.48683600          -290.166252             -2.74668 
   11           1.08236000          -290.221387             -2.80181 
   12           1.34488800          -290.231383             -2.81181 
   13           1.36710300          -290.239260             -2.81968 
   14           1.88559300          -290.228658             -2.80908 
   15           2.13524700          -290.233294             -2.81372 
   16           1.89020200          -290.237752             -2.81818 
   17           0.79828500          -290.255561             -2.83599 
   18           1.44794500          -290.245620             -2.82604 
   19           1.03451400          -290.249377              -2.8298 
   20           1.70275500          -290.237344             -2.81777 
   21           0.73123300          -290.254861             -2.83529 
   22           1.74601400          -290.246354             -2.82678 
   23           0.60338900          -290.253856             -2.83428 
   24           0.70116600          -290.252772              -2.8332 
   25           0.57263200          -290.254063             -2.83449 
   26           0.55864200          -290.253623             -2.83405 
   27           0.52145200          -290.255009             -2.83543 
   28           0.44392300          -290.259365             -2.83979 
   29           0.40463900          -290.265432             -2.84586 
   30           0.86799800          -290.279577                -2.86 
   31           0.37897100          -290.294976              -2.8754 
   32           0.68551400          -290.298936             -2.87936 
   33           0.36770100          -290.312491             -2.89292 
   34           0.38863200          -290.324416             -2.90484 
   35           0.34437500          -290.332993             -2.91342 
   36           0.40635700          -290.335710             -2.91613 
   37           0.28352700          -290.341206             -2.92163 
   38           0.48318100          -290.341982             -2.92241 
   39           0.37241500          -290.343040             -2.92346 
   40           0.67982700          -290.341324             -2.92175 
   41           0.45746800          -290.342845             -2.92327 
   42           0.27268400          -290.343230             -2.92365 
   43           0.30831900          -290.343324             -2.92375 
   44           0.58982000          -290.341863             -2.92229 
   45           0.32049200          -290.344409             -2.92483 
   46           0.48539900          -290.343906             -2.92433 
   47           0.25389100          -290.346630             -2.92705 
   48           0.25073600          -290.349245             -2.92967 
   49           0.17433800          -290.351232             -2.93166 
   50           0.16209500          -290.352341             -2.93277 
   51           0.15214100          -290.354232             -2.93466 
   52           0.19747700          -290.355263             -2.93569 
   53           0.15790400          -290.357013             -2.93744 
   54           0.45582100          -290.358197             -2.93862 
   55           0.34843200          -290.359205             -2.93963 
   56           0.17731200          -290.361129             -2.94155 
   57           0.60953200          -290.360133             -2.94056 
   58           0.28828600          -290.361477              -2.9419 
   59           0.21346300          -290.363111             -2.94354 
   60           0.18192000          -290.366313             -2.94674 
   61           0.14759900          -290.367916             -2.94834 
   62           0.16197700          -290.369965             -2.95039 
   63           0.15806300          -290.371054             -2.95148 
   64           0.25126300          -290.372836             -2.95326 
   65           0.19415100          -290.374307             -2.95473 
   66           0.78966100          -290.374056             -2.95448 
   67           0.66630900          -290.375292             -2.95572 
   68           0.30111600          -290.377746             -2.95817 
   69           0.46578100          -290.377030             -2.95745 
   70           0.23154400          -290.378223             -2.95865 
   71           0.20082000          -290.378752             -2.95918 
   72           0.26126800          -290.379569             -2.95999 
   73           0.87981800          -290.377869             -2.95829 
   74           0.49928200          -290.379407             -2.95983 
   75           0.37090900          -290.380137             -2.96056 
   76           0.18454400          -290.381143             -2.96157 
   77           0.26161800          -290.381023             -2.96145 
   78           0.21514500          -290.381429             -2.96185 
   79           0.12993600          -290.382339             -2.96276 
   80           0.32646400          -290.382913             -2.96334 
   81           0.13615900          -290.382630             -2.96305 
   82           0.14814700          -290.382813             -2.96324 
   83           0.19077600          -290.383213             -2.96364 
   84           0.26241500          -290.383497             -2.96392 
   85           0.24182300          -290.383472              -2.9639 
   86           0.11753200          -290.383735             -2.96416 
   87           0.34529200          -290.383434             -2.96386 
   88           0.99501400          -290.378222             -2.95865 
   89           0.97347200          -290.378529             -2.95895 
   90           0.91393600          -290.379368             -2.95979 
   91           0.79877200          -290.380830             -2.96125 
   92           0.57835600          -290.382834             -2.96326 
   93           0.31260400          -290.384683             -2.96511 
   94           0.58373500          -290.384652             -2.96508 
   95           0.41663700          -290.385602             -2.96603 
   96           0.10987800          -290.386550             -2.96697 
   97           0.26003900          -290.386233             -2.96666 
   98           0.07855000          -290.386809             -2.96723 
   99           0.39873700          -290.386490             -2.96691 
  100           0.34430500          -290.386679              -2.9671 
  101           0.18550000          -290.387109             -2.96753 
  102           0.17468600          -290.387034             -2.96746 
  103           0.09153000          -290.387273              -2.9677 
  104           0.08785900          -290.387379              -2.9678 
  105           0.29645100          -290.387234             -2.96766 
  106           0.24774300          -290.387544             -2.96797 
  107           0.11685700          -290.388188             -2.96861 
  108           0.18349300          -290.388479              -2.9689 
  109           0.11730300          -290.388491             -2.96892 
  110           0.08499000          -290.388608             -2.96903 
  111           0.08009300          -290.388786             -2.96921 
  112           0.30152000          -290.388509             -2.96893 
  113           0.14605400          -290.388796             -2.96922 
  114           0.08530300          -290.389108             -2.96953 
  115           0.07003900          -290.389495             -2.96992 
  116           0.06953200          -290.389690             -2.97011 
  117           0.06758400          -290.389918             -2.97034 
  118           0.05339000          -290.390059             -2.97048 
  119           0.06945100          -290.390113             -2.97054 
  120           0.05323300          -290.390304             -2.97073 
  121           0.06661500          -290.390446             -2.97087 
  122           0.05154400          -290.390582             -2.97101 
  123           0.06288100          -290.390641             -2.97107 
  124           0.05723700          -290.390815             -2.97124 
  125           0.05481700          -290.391196             -2.97162 
  126           0.04978000          -290.391389             -2.97181 
  127           0.08428300          -290.391790             -2.97221 
  128           0.06853600          -290.391917             -2.97234 
  129           0.04237100          -290.392233             -2.97266 
  130           0.05145100          -290.392269             -2.97269 
  131           0.04166200          -290.392398             -2.97282 
  132           0.03838000          -290.392711             -2.97314 
  133           0.09780700          -290.393103             -2.97353 
  134           0.05251100          -290.392869             -2.97329 
  135           0.03748900          -290.392965             -2.97339 
  136           0.03898500          -290.393086             -2.97351 
  137           0.03675500          -290.393179              -2.9736 
  138           0.05369000          -290.393380              -2.9738 
  139           0.11995500          -290.393670             -2.97409 
  140           0.08208500          -290.393842             -2.97427 
  141           0.07573600          -290.394130             -2.97455 
  142           0.06808800          -290.394260             -2.97468 
  143           0.04145400          -290.394593             -2.97502 
  144           0.03193900          -290.395067             -2.97549 
  145           0.03218600          -290.394769             -2.97519 
  146           0.03982000          -290.394901             -2.97533 
  147           0.04871400          -290.394953             -2.97538 
  148           0.02960200          -290.395105             -2.97553 
  149           0.06579600          -290.395331             -2.97576 
  150           0.06820500          -290.395505             -2.97593 
  151           0.13291000          -290.395602             -2.97603 
  152           0.10240900          -290.395814             -2.97624 
  153           0.03588800          -290.396277              -2.9767 
  154           0.03909800          -290.396355             -2.97678 
  155           0.04543600          -290.396473              -2.9769 
  156           0.07339000          -290.396689             -2.97711 
  157           0.03949600          -290.396755             -2.97718 
  158           0.08785400          -290.396821             -2.97725 
  159           0.07421200          -290.396932             -2.97736 
  160           0.05258100          -290.397157             -2.97758 
  161           0.03347700          -290.397257             -2.97768 
  162           0.12143900          -290.397395             -2.97782 
  163           0.16426500          -290.397381             -2.97781 
  164           0.11170700          -290.397435             -2.97786 
  165           0.06470300          -290.397395             -2.97782 
  166           0.12561900          -290.397314             -2.97774 
  167           0.06482300          -290.397459             -2.97788 
  168           0.14384100          -290.397632             -2.97806 
  169           0.20773100          -290.397587             -2.97801 
  170           0.07560000          -290.397740             -2.97816 
  171           0.05433500          -290.397723             -2.97815 
  172           0.05653400          -290.397756             -2.97818 
  173           0.06685800          -290.397791             -2.97822 
  174           0.03040300          -290.397907             -2.97833 
  175           0.04815300          -290.397911             -2.97834 
  176           0.04634200          -290.397931             -2.97836 
  177           0.04295000          -290.397969             -2.97839 
  178           0.05836500          -290.397906             -2.97833 
  179           0.06646400          -290.397901             -2.97833 
  180           0.02678400          -290.397980              -2.9784 
  181           0.02241800          -290.398033             -2.97846 
  182           0.01797700          -290.398042             -2.97847 
  183           0.01740100          -290.398045             -2.97847 
  184           0.01785400          -290.398044             -2.97847 
  185           0.08176600          -290.398004             -2.97843 
  186           0.08068900          -290.398171              -2.9786 
  187           0.06096600          -290.398153             -2.97858 
  188           0.04244600          -290.398177              -2.9786 
  189           0.01976000          -290.398197             -2.97862 
  190           0.02004100          -290.398253             -2.97868 
  191           0.03153600          -290.398264             -2.97869 
  192           0.02057600          -290.398271              -2.9787 
  193           0.01166900          -290.398275              -2.9787 
  194           0.00977700          -290.398294             -2.97872 
  195           0.01989600          -290.398335             -2.97876 
  196           0.01581500          -290.398335             -2.97876 
  197           0.01104400          -290.398348             -2.97877 
  198           0.01153300          -290.398355             -2.97878 
  199           0.01659500          -290.398373              -2.9788 
  200           0.03929700          -290.398390             -2.97881 
  201           0.02644900          -290.398385             -2.97881 
  202           0.01377200          -290.398432             -2.97886 
  203           0.03540100          -290.398451             -2.97888 
  204           0.01092800          -290.398444             -2.97887 
  205           0.06989800          -290.398387             -2.97881 
  206           0.03602300          -290.398462             -2.97889 
  207           0.05307000          -290.398539             -2.97896 
  208           0.03298200          -290.398538             -2.97896 
  209           0.02877400          -290.398537             -2.97896 
  210           0.03174900          -290.398553             -2.97898 
  211           0.03749400          -290.398582             -2.97901 
  212           0.01471700          -290.398633             -2.97906 
  213           0.08997900          -290.398710             -2.97913 
  214           0.04628000          -290.398715             -2.97914 
  215           0.03369200          -290.398682             -2.97911 
  216           0.01671600          -290.398719             -2.97914 
  217           0.04683600          -290.398776              -2.9792 
  218           0.15807300          -290.398761             -2.97919 
  219           0.12891600          -290.398780              -2.9792 
  220           0.04558200          -290.398802             -2.97923 
  221           0.11508800          -290.398628             -2.97905 
  222           0.01540400          -290.398792             -2.97922 
  223           0.01518300          -290.398789             -2.97921 
  224           0.01388800          -290.398808             -2.97923 
  225           0.01389500          -290.398842             -2.97927 
  226           0.01390700          -290.398850             -2.97927 
  227           0.01376800          -290.398865             -2.97929 
  228           0.02100300          -290.398888             -2.97931 
  229           0.01679000          -290.398886             -2.97931 
  230           0.01268300          -290.398883             -2.97931 
  231           0.03156600          -290.398863             -2.97929 
  232           0.01530400          -290.398883             -2.97931 
  233           0.01315900          -290.398886             -2.97931 
  234           0.01178600          -290.398890             -2.97931 
  235           0.01153800          -290.398896             -2.97932 
  236           0.02038400          -290.398906             -2.97933 
  237           0.02488200          -290.398910             -2.97933 
  238           0.02474500          -290.398887             -2.97931 
  239           0.06937300          -290.398833             -2.97926 
  240           0.05552100          -290.398864             -2.97929 
  241           0.01433900          -290.398925             -2.97935 
  242           0.07617400          -290.398977              -2.9794 
  243           0.04817700          -290.398968             -2.97939 
  244           0.02102100          -290.398960             -2.97938 
